#Input-file high resolution
#height th qt u v tke
10.0	300.0	0.006	0.0	0.0	0.0
30.0	300.0	0.006	0.0	0.0	0.0
50.0	300.0	0.006	0.0	0.0	0.0
70.0	300.0	0.006	0.0	0.0	0.0
90.0	300.0	0.006	0.0	0.0	0.0
110.0	300.0	0.006	0.0	0.0	0.0
130.0	300.0	0.006	0.0	0.0	0.0
150.0	300.0	0.006	0.0	0.0	0.0
170.0	300.0	0.006	0.0	0.0	0.0
190.0	300.0	0.006	0.0	0.0	0.0
210.0	300.86	0.003	0.0	0.0	0.0
230.0	300.98	0.003	0.0	0.0	0.0
250.0	301.1	0.003	0.0	0.0	0.0
270.0	301.22	0.003	0.0	0.0	0.0
290.0	301.34	0.003	0.0	0.0	0.0
310.0	301.46	0.003	0.0	0.0	0.0
330.0	301.58	0.003	0.0	0.0	0.0
350.0	301.7	0.003	0.0	0.0	0.0
370.0	301.82	0.003	0.0	0.0	0.0
390.0	301.94	0.003	0.0	0.0	0.0
410.0	302.06	0.003	0.0	0.0	0.0
430.0	302.18	0.003	0.0	0.0	0.0
450.0	302.3	0.003	0.0	0.0	0.0
470.0	302.42	0.003	0.0	0.0	0.0
490.0	302.54	0.003	0.0	0.0	0.0
510.0	302.66	0.003	0.0	0.0	0.0
530.0	302.78	0.003	0.0	0.0	0.0
550.0	302.9	0.003	0.0	0.0	0.0
570.0	303.02	0.003	0.0	0.0	0.0
590.0	303.14	0.003	0.0	0.0	0.0
610.0	303.26	0.003	0.0	0.0	0.0
630.0	303.38	0.003	0.0	0.0	0.0
650.0	303.5	0.003	0.0	0.0	0.0
670.0	303.62	0.003	0.0	0.0	0.0
690.0	303.74	0.003	0.0	0.0	0.0
710.0	303.86	0.003	0.0	0.0	0.0
730.0	303.98	0.003	0.0	0.0	0.0
750.0	304.1	0.003	0.0	0.0	0.0
770.0	304.22	0.003	0.0	0.0	0.0
790.0	304.34	0.003	0.0	0.0	0.0
810.0	304.46	0.003	0.0	0.0	0.0
830.0	304.58	0.003	0.0	0.0	0.0
850.0	304.7	0.003	0.0	0.0	0.0
870.0	304.82	0.003	0.0	0.0	0.0
890.0	304.94	0.003	0.0	0.0	0.0
910.0	305.06	0.003	0.0	0.0	0.0
930.0	305.18	0.003	0.0	0.0	0.0
950.0	305.3	0.003	0.0	0.0	0.0
970.0	305.42	0.003	0.0	0.0	0.0
990.0	305.54	0.003	0.0	0.0	0.0
1010.0	305.66	0.003	0.0	0.0	0.0
1030.0	305.78	0.003	0.0	0.0	0.0
1050.0	305.9	0.003	0.0	0.0	0.0
1070.0	306.02	0.003	0.0	0.0	0.0
1090.0	306.14	0.003	0.0	0.0	0.0
1110.0	306.26	0.003	0.0	0.0	0.0
1130.0	306.38	0.003	0.0	0.0	0.0
1150.0	306.5	0.003	0.0	0.0	0.0
1170.0	306.62	0.003	0.0	0.0	0.0
1190.0	306.74	0.003	0.0	0.0	0.0
1210.0	306.86	0.003	0.0	0.0	0.0
1230.0	306.98	0.003	0.0	0.0	0.0
1250.0	307.1	0.003	0.0	0.0	0.0
1270.0	307.22	0.003	0.0	0.0	0.0
1290.0	307.34	0.003	0.0	0.0	0.0
1310.0	307.46	0.003	0.0	0.0	0.0
1330.0	307.58	0.003	0.0	0.0	0.0
1350.0	307.7	0.003	0.0	0.0	0.0
1370.0	307.82	0.003	0.0	0.0	0.0
1390.0	307.94	0.003	0.0	0.0	0.0
1410.0	308.06	0.003	0.0	0.0	0.0
1430.0	308.18	0.003	0.0	0.0	0.0
1450.0	308.3	0.003	0.0	0.0	0.0
1470.0	308.42	0.003	0.0	0.0	0.0
1490.0	308.54	0.003	0.0	0.0	0.0
1510.0	308.66	0.003	0.0	0.0	0.0
1530.0	308.78	0.003	0.0	0.0	0.0
1550.0	308.9	0.003	0.0	0.0	0.0
1570.0	309.02	0.003	0.0	0.0	0.0
1590.0	309.14	0.003	0.0	0.0	0.0
1610.0	309.26	0.003	0.0	0.0	0.0
1630.0	309.38	0.003	0.0	0.0	0.0
1650.0	309.5	0.003	0.0	0.0	0.0
1670.0	309.62	0.003	0.0	0.0	0.0
1690.0	309.74	0.003	0.0	0.0	0.0
1710.0	309.86	0.003	0.0	0.0	0.0
1730.0	309.98	0.003	0.0	0.0	0.0
1750.0	310.1	0.003	0.0	0.0	0.0
1770.0	310.22	0.003	0.0	0.0	0.0
1790.0	310.34	0.003	0.0	0.0	0.0
1810.0	310.46	0.003	0.0	0.0	0.0
1830.0	310.58	0.003	0.0	0.0	0.0
1850.0	310.7	0.003	0.0	0.0	0.0
1870.0	310.82	0.003	0.0	0.0	0.0
1890.0	310.94	0.003	0.0	0.0	0.0
1910.0	311.06	0.003	0.0	0.0	0.0
1930.0	311.18	0.003	0.0	0.0	0.0
1950.0	311.3	0.003	0.0	0.0	0.0
1970.0	311.42	0.003	0.0	0.0	0.0
1990.0	311.54	0.003	0.0	0.0	0.0
2010.0	311.66	0.003	0.0	0.0	0.0
2030.0	311.78	0.003	0.0	0.0	0.0
2050.0	311.9	0.003	0.0	0.0	0.0
2070.0	312.02	0.003	0.0	0.0	0.0
2090.0	312.14	0.003	0.0	0.0	0.0
2110.0	312.26	0.003	0.0	0.0	0.0
2130.0	312.38	0.003	0.0	0.0	0.0
2150.0	312.5	0.003	0.0	0.0	0.0
2170.0	312.62	0.003	0.0	0.0	0.0
2190.0	312.74	0.003	0.0	0.0	0.0
2210.0	312.86	0.003	0.0	0.0	0.0
2230.0	312.98	0.003	0.0	0.0	0.0
2250.0	313.1	0.003	0.0	0.0	0.0
2270.0	313.22	0.003	0.0	0.0	0.0
2290.0	313.34	0.003	0.0	0.0	0.0
2310.0	313.46	0.003	0.0	0.0	0.0
2330.0	313.58	0.003	0.0	0.0	0.0
2350.0	313.7	0.003	0.0	0.0	0.0
2370.0	313.82	0.003	0.0	0.0	0.0
2390.0	313.94	0.003	0.0	0.0	0.0
2410.0	314.06	0.003	0.0	0.0	0.0
2430.0	314.18	0.003	0.0	0.0	0.0
2450.0	314.3	0.003	0.0	0.0	0.0
2470.0	314.42	0.003	0.0	0.0	0.0
2490.0	314.54	0.003	0.0	0.0	0.0
2510.0	314.66	0.003	0.0	0.0	0.0
2530.0	314.78	0.003	0.0	0.0	0.0
2550.0	314.9	0.003	0.0	0.0	0.0
